pdb_id: 
analysis type: unbound
radii_file: D:\PSAIA\amac_data\chothia.radii
ASA_zSice: 0.25
ASA_rSolvent: 1.4
CX_sRadius: 10
CX_vAtom: 20.1
total ASA: 0
back-bone ASA: 0
side-chain ASA: 0
polar ASA: 0
non-polar ASA: 0

  chain id|   ch total ASA|  ch b-bone ASA| ch s-chain ASA|   ch polar ASA| ch n-polar ASA|    res id|  res name|      total ASA|     b-bone ASA|    s-chain ASA|      polar ASA|    n-polar ASA|    average DPX|      s_avg DPX|   s-ch avg DPX| s-ch s_avg DPX|        max DPX|        min DPX|     average CX|       s_avg CX|    s-ch avg CX|  s-ch s_avg CX|         max CX|         min CX|               
         A          5485.7          471.21          5014.5          1028.4          4457.4          1        ASP          146.78          7.3009          139.48          71.414          75.367         0.28553         0.49552         0.13813         0.36546          1.2294               0         0.48655         0.41643         0.66316         0.40546          1.5414        0.052513               
         A          5485.7          471.21          5014.5          1028.4          4457.4          2        VAL          44.201          10.717          33.484          10.717          33.484         0.86676         0.87248         0.79284         0.89574          2.7514               0        0.023965          0.0507        0.006151        0.014385         0.20461               0               
         A          5485.7          471.21          5014.5          1028.4          4457.4          3        SER          84.291          23.345          60.946          27.175          57.116          0.4837         0.83161         0.31279         0.76618          2.1896               0         0.22792         0.21676         0.16637         0.18157         0.68063               0               
         A          5485.7          471.21          5014.5          1028.4          4457.4          4        GLY          43.183               0          43.183               0          43.183          1.2796         0.92407         0.66628         0.94226          2.5506               0          0.2528         0.21147         0.36804          0.2487         0.55521               0               
         A          5485.7          471.21          5014.5          1028.4          4457.4          5        THR          82.286          17.289          64.998          27.588          54.698         0.61187         0.75301         0.60357         0.78715          2.1288               0         0.13385         0.14498         0.14899         0.15979         0.44721               0               
         A          5485.7          471.21          5014.5          1028.4          4457.4          6        VAL          42.692               0          42.692               0          42.692           1.303          1.0274          1.1092          1.0261          3.1086               0       0.0010358       0.0040118       0.0013811       0.0045806        0.016573               0               
         A          5485.7          471.21          5014.5          1028.4          4457.4          7        CYS           37.92               0           37.92               0           37.92          1.1935           1.108         0.61365         0.96472          2.6516               0         0.10018         0.12137         0.16697         0.11576         0.33588               0               
         A          5485.7          471.21          5014.5          1028.4          4457.4          8        LEU           24.96               0           24.96               0           24.96           1.547          1.1609           1.264          1.1476          3.1108               0               0               0               0               0               0               0               
         A          5485.7          471.21          5014.5          1028.4          4457.4          9        SER          101.24          17.735          83.502          23.949          77.288         0.47692         0.81809         0.30362         0.74372          2.1254               0         0.23718         0.17636         0.27581         0.18452         0.61548               0               
         A          5485.7          471.21          5014.5          1028.4          4457.4         10        ALA          85.194          18.461          66.733          18.272          66.922         0.44411         0.71018         0.33421         0.74733          2.0053               0          0.2535         0.18601         0.31775         0.21012         0.62811               0               
         A          5485.7          471.21          5014.5          1028.4          4457.4         11        LEU          15.559          7.0802          8.4783          6.1814          9.3771          1.6094          1.1327          1.8772          1.0885          3.6264               0               0               0               0               0               0               0               
         A          5485.7          471.21          5014.5          1028.4          4457.4         12        PRO          42.666               0          42.666               0          42.666          0.9466         0.92726         0.58503         0.75142          2.7999               0       0.0030935       0.0084706       0.0043309       0.0097516        0.031671               0               
         A          5485.7          471.21          5014.5          1028.4          4457.4         13        PRO          115.43               0          115.43               0          115.43         0.70731         0.89825         0.22061         0.44122          2.4585               0         0.18703         0.18521         0.26184         0.16863         0.61548               0               
         A          5485.7          471.21          5014.5          1028.4          4457.4         14        GLU          19.848               0          19.848          5.3832          14.464          1.4921          1.0561          1.0882         0.93114          2.9818               0        0.015071        0.046361        0.020551        0.053088         0.18408               0               
         A          5485.7          471.21          5014.5          1028.4          4457.4         15        ALA               0               0               0               0               0          4.2268         0.68079          4.4449         0.77897          5.5766          3.3956               0               0               0               0               0               0               
         A          5485.7          471.21          5014.5          1028.4          4457.4         16        THR          48.353               0          48.353          3.0935          45.259          1.4568          1.1031          1.0021         0.97609           2.804               0       0.0090338        0.032572        0.012647        0.037942         0.12647               0               
         A          5485.7          471.21          5014.5          1028.4          4457.4         17        ASP          60.625               0          60.625          39.097          21.528         0.94332          1.0264         0.43737         0.82349          2.4731               0        0.028047        0.058557        0.042071        0.067479         0.20461               0               
         A          5485.7          471.21          5014.5          1028.4          4457.4         18        THR          0.9364               0          0.9364          0.4122          0.5242          1.8339         0.95328          1.7922          1.0766          2.9386               0               0               0               0               0               0               0               
         A          5485.7          471.21          5014.5          1028.4          4457.4         19        LEU           6.649               0           6.649               0           6.649          1.6143         0.98135          1.3675         0.95581          2.7694               0               0               0               0               0               0               0               
         A          5485.7          471.21          5014.5          1028.4          4457.4         20        ASN            88.3          0.0685          88.231          23.582          64.717         0.70897         0.89669         0.55324         0.90615          2.5676               0         0.11648         0.10763          0.1551         0.10258         0.31068               0               
         A          5485.7          471.21          5014.5          1028.4          4457.4         21        LEU          50.429               0          50.429               0          50.429          1.4489          1.1251          1.1115          1.0183          3.1006               0       0.0083124        0.021255        0.010529        0.023429         0.07978               0               
         A          5485.7          471.21          5014.5          1028.4          4457.4         22        ILE           29.19          4.3846          24.805          4.3846          24.805          2.1327           1.353          2.2293          1.3528          4.1558               0       0.0041989        0.017815               0               0         0.07978               0               
         A          5485.7          471.21          5014.5          1028.4          4457.4         23        ALA          93.415          22.073          71.341          21.591          71.823         0.53964         0.87139         0.37978          0.8492          2.2787               0         0.28086         0.23688          0.2103         0.13796         0.84423               0               
         A          5485.7          471.21          5014.5          1028.4          4457.4         24        SER          85.218          11.844          73.374          12.876          72.342         0.59189         0.69589         0.58245         0.73828          2.0117               0         0.51438         0.19388         0.48971         0.21797         0.86069         0.23312               
         A          5485.7          471.21          5014.5          1028.4          4457.4         25        ASP          128.55          15.009          113.54          74.681          53.868         0.36806         0.52282         0.13862         0.36676          1.2337               0         0.60539         0.30469         0.69752         0.33347          1.2901          0.2187               
         A          5485.7          471.21          5014.5          1028.4          4457.4         26        GLY          6.5654          3.9881          2.5773          3.1266          3.4388         0.78209         0.96976         0.77889          1.1015          2.3367               0         0.22349         0.15264          0.1156        0.073945         0.51013        0.011638               
         A          5485.7          471.21          5014.5          1028.4          4457.4         27        PRO          155.34          2.1609          153.18          2.1609          153.18         0.32331         0.51213         0.22119         0.44237            1.23               0         0.76167         0.34601         0.92341         0.24457          1.4232         0.12647               
         A          5485.7          471.21          5014.5          1028.4          4457.4         28        PHE          52.828          13.148           39.68          13.118           39.71          1.2143          1.1031          1.3581          1.1432          3.3904               0        0.019469        0.054344       0.0056929        0.022049         0.23312               0               
         A          5485.7          471.21          5014.5          1028.4          4457.4         29        PRO          72.995          20.868          52.127          20.233          52.762         0.57814         0.69232         0.56607         0.72044          1.7637               0        0.052023        0.089012        0.038594        0.082432         0.27072               0               
         A          5485.7          471.21          5014.5          1028.4          4457.4         30        TYR          51.619          0.7675          50.852           9.423          42.196          1.1343          1.1007          1.1857          1.1897          3.2029               0        0.018473        0.046038        0.020042        0.050069         0.19769               0               
         A          5485.7          471.21          5014.5          1028.4          4457.4         31        SER          111.87          11.917          99.951           21.37          90.498         0.21076         0.44798               0               0          1.2256               0          0.5016         0.23772         0.63319         0.19835         0.87746         0.20461               
         A          5485.7          471.21          5014.5          1028.4          4457.4         32        GLN          89.583               0          89.583          1.4759          88.107          1.0147         0.93068         0.74416         0.86699          2.2995               0         0.19353         0.25114         0.24821          0.2637         0.81215               0               
         A          5485.7          471.21          5014.5          1028.4          4457.4         33        ASP          7.7624          7.7624               0          7.7624               0          2.4944         0.99742          2.9285         0.55608          3.9545               0               0               0               0               0               0               0               
         A          5485.7          471.21          5014.5          1028.4          4457.4         34        GLY          29.341           13.81          15.531          12.112          17.229         0.29659          0.4694               0               0          1.0764               0               0               0               0               0               0               0               
         A          5485.7          471.21          5014.5          1028.4          4457.4         35        VAL          80.068               0          80.068               0          80.068         0.72153         0.93674         0.36017         0.63597          3.1173               0        0.031632         0.06862        0.042176        0.076378         0.27072               0               
         A          5485.7          471.21          5014.5          1028.4          4457.4         36        VAL          29.822          1.8062          28.016          1.8062          28.016          1.1789           1.046          1.2068           1.124          2.5426               0        0.045432         0.08607        0.060576        0.094658         0.32737               0               
         A          5485.7          471.21          5014.5          1028.4          4457.4         37        PHE          14.941               0          14.941               0          14.941          1.8792          1.1398          1.8741          1.2486          3.5773               0               0               0               0               0               0               0               
         A          5485.7          471.21          5014.5          1028.4          4457.4         38        GLN          68.816          11.315          57.501          21.846           46.97          0.4297         0.60185         0.30715         0.58096          1.7777               0         0.18347         0.24397         0.23992         0.25356         0.73665               0               
         A          5485.7          471.21          5014.5          1028.4          4457.4         39        ASP          6.4572           1.203          5.2542           1.203          5.2542           1.776         0.99198          1.9665         0.98354          3.1912               0               0               0               0               0               0               0               
         A          5485.7          471.21          5014.5          1028.4          4457.4         40        ARG          207.91          16.713           191.2          28.143          179.77         0.27676         0.48052          0.1671         0.39778          1.2244               0         0.68672         0.35488         0.75869         0.33098          1.2652               0               
         A          5485.7          471.21          5014.5          1028.4          4457.4         41        GLU          117.54          12.458          105.09          35.262          82.283         0.60138         0.78324         0.53184         0.73821          2.0827               0         0.34917         0.17544         0.34822         0.20137         0.70818        0.096829               
         A          5485.7          471.21          5014.5          1028.4          4457.4         42        SER          76.599          11.395          65.204          25.227          51.372         0.75001         0.85656         0.59172         0.93616          2.1322               0         0.24391          0.1597         0.30191          0.1716         0.55521        0.063253               
         A          5485.7          471.21          5014.5          1028.4          4457.4         43        VAL           25.24          0.2063          25.033          0.2063          25.033          1.2135         0.94753          1.2537          1.0055          2.9334               0        0.003616        0.014005       0.0048213         0.01599        0.057855               0               
         A          5485.7          471.21          5014.5          1028.4          4457.4         44        LEU          1.1049          1.1049               0           0.455          0.6499          2.9814          1.3401          3.5221         0.79098          4.8764               0               0               0               0               0               0               0               
         A          5485.7          471.21          5014.5          1028.4          4457.4         45        PRO          73.851               0          73.851               0          73.851          1.0268         0.91139         0.68882         0.72749          3.0524               0        0.044287        0.077387        0.059846        0.086615         0.25541               0               
         A          5485.7          471.21          5014.5          1028.4          4457.4         46        THR          129.48          11.104          118.38          21.518          107.96         0.54367         0.78816         0.32399         0.68614          2.1323               0         0.50287         0.27832         0.59674          0.2715          1.1265        0.074214               
         A          5485.7          471.21          5014.5          1028.4          4457.4         47        GLN          74.657          11.492          63.165          27.592          47.065         0.46409         0.66042         0.44677         0.69685          1.8214               0         0.11189         0.11459         0.10753         0.12926         0.31897               0               
         A          5485.7          471.21          5014.5          1028.4          4457.4         48        SER          91.245           0.522          90.724          12.911          78.334         0.21002         0.44664               0               0          1.2295               0         0.45541         0.26745         0.59572         0.21547          1.0233               0               
         A          5485.7          471.21          5014.5          1028.4          4457.4         49        TYR          176.43          8.3727          168.06          21.806          154.62         0.21098          0.4363        0.065275          0.2611          1.2297               0         0.44834         0.22286         0.49745         0.21737          0.9119        0.047224               
         A          5485.7          471.21          5014.5          1028.4          4457.4         50        GLY           19.74             0.5           19.24          0.1209          19.619          1.0282         0.94692          1.3427         0.96021          2.1898               0        0.048892        0.070553        0.068203        0.096454         0.20461               0               
         A          5485.7          471.21          5014.5          1028.4          4457.4         51        TYR           29.46               0           29.46          0.3857          29.074          1.4259          1.0589          1.3603          1.1211          2.9589               0        0.030739        0.068489        0.037972        0.074296         0.22587               0               
         A          5485.7          471.21          5014.5          1028.4          4457.4         52        TYR          3.9585               0          3.9585               0          3.9585          2.4799          1.1425          2.2324          1.1312          3.8654               0               0               0               0               0               0               0               
         A          5485.7          471.21          5014.5          1028.4          4457.4         53        HIS          50.756               0          50.756          15.152          35.605          1.4097          1.4348          0.8404          1.1105          3.8728               0        0.001564       0.0062562       0.0020453       0.0070851        0.026589               0               
         A          5485.7          471.21          5014.5          1028.4          4457.4         54        GLU          9.7279               0          9.7279          8.6422          1.0857          1.9285          1.2092          1.6433          1.2581          4.0091               0               0               0               0               0               0               0               
         A          5485.7          471.21          5014.5          1028.4          4457.4         55        TYR          25.424               0          25.424          4.8122          20.612          1.9571          1.1827          1.9578          1.2871          4.0633               0               0               0               0               0               0               0               
         A          5485.7          471.21          5014.5          1028.4          4457.4         56        THR          2.4828          0.1267          2.3561          0.1267          2.3561          1.9842          0.9969          2.3406         0.85248          3.4017               0               0               0               0               0               0               0               
         A          5485.7          471.21          5014.5          1028.4          4457.4         57        VAL               0               0               0               0               0          3.1289         0.71598          3.2686         0.74201          4.5657           2.202               0               0               0               0               0               0               
         A          5485.7          471.21          5014.5          1028.4          4457.4         58        ILE          58.615               0          58.615               0          58.615          1.1563          1.0995         0.78801         0.93238          2.8837               0               0               0               0               0               0               0               
         A          5485.7          471.21          5014.5          1028.4          4457.4         59        THR          34.747          0.0042          34.743          0.0042          34.743          1.4859          1.1997          1.4266           1.224          3.1354               0        0.018179        0.034849        0.021251        0.039178          0.1326               0               
         A          5485.7          471.21          5014.5          1028.4          4457.4         60        PRO          97.976          9.2826          88.694          9.2392          88.737         0.58706         0.72513         0.50481         0.64094           2.087               0         0.44185         0.26015         0.42741         0.27317         0.89452               0               
         A          5485.7          471.21          5014.5          1028.4          4457.4         61        GLY          98.207          16.662          81.545          14.777          83.431         0.29827         0.47193               0               0          1.0768               0         0.95982         0.21385          1.1169         0.19757          1.3415         0.69429               
         A          5485.7          471.21          5014.5          1028.4          4457.4         62        ALA          38.322          15.427          22.895          15.409          22.913          0.6738          0.7243         0.77704         0.81711          1.9857               0         0.28442         0.17403         0.19538         0.16774         0.51013       0.0019112               
         A          5485.7          471.21          5014.5          1028.4          4457.4         63        ARG          270.66          17.618          253.05          26.558          244.11         0.22622         0.44144         0.16673          0.3969          1.1155               0          2.2545          1.2481          2.5551          1.1509          5.1293         0.60306               
         A          5485.7          471.21          5014.5          1028.4          4457.4         64        THR          103.99               0          103.99          6.4162          97.569         0.73824         0.94291         0.31102          0.6518          2.8095               0         0.41255         0.33525         0.52023         0.32626          1.0038               0               
         A          5485.7          471.21          5014.5          1028.4          4457.4         65        ARG          33.869               0          33.869               0          33.869          1.3281          1.0287          1.2048          1.0393           3.291               0               0               0               0               0               0               0               
         A          5485.7          471.21          5014.5          1028.4          4457.4         66        GLY          14.555          3.1852          11.369          2.6199          11.935         0.55586         0.64923         0.80797         0.57807          1.4671               0               0               0               0               0               0               0               
         A          5485.7          471.21          5014.5          1028.4          4457.4         67        THR          68.248               0          68.248          6.1047          62.143         0.95621          1.0095         0.53846         0.86561          2.4332               0        0.040811        0.074658        0.057135        0.082889         0.26302               0               
         A          5485.7          471.21          5014.5          1028.4          4457.4         68        ARG           71.15               0           71.15               0           71.15          1.6697          1.0321          1.4874          1.0321          3.0301               0         0.01664         0.04962        0.019967        0.053741         0.19769               0               
         A          5485.7          471.21          5014.5          1028.4          4457.4         69        ARG          9.9154               0          9.9154               0          9.9154          2.3405          1.2826          1.9672          1.0339          4.9047               0               0               0               0               0               0               0               
         A          5485.7          471.21          5014.5          1028.4          4457.4         70        ILE               0               0               0               0               0          4.9005         0.81408          4.7715         0.80951          6.4643          3.7649               0               0               0               0               0               0               
         A          5485.7          471.21          5014.5          1028.4          4457.4         71        ILE               0               0               0               0               0          4.5505         0.97583          4.4743          1.0017          6.0182          2.1852               0               0               0               0               0               0               
         A          5485.7          471.21          5014.5          1028.4          4457.4         72        THR           17.56               0           17.56          0.5437          17.016          1.6329          1.0666          1.2045         0.95371          3.0269               0               0               0               0               0               0               0               
         A          5485.7          471.21          5014.5          1028.4          4457.4         73        GLY          4.2801          4.2801               0          4.2051           0.075          1.4386         0.94982          2.0218         0.15961          2.4732               0               0               0               0               0               0               0               
         A          5485.7          471.21          5014.5          1028.4          4457.4         74        GLU          123.97          15.575          108.39          62.145          61.822         0.52017         0.66893         0.51963         0.71489          1.8411               0         0.20218         0.15359         0.20969         0.15218         0.51013               0               
         A          5485.7          471.21          5014.5          1028.4          4457.4         75        ALA          56.938           2.163          54.775          2.1496          54.788         0.44604         0.71433         0.33717         0.75394           2.023               0         0.28516         0.17499         0.30809         0.21021         0.61548               0               
         A          5485.7          471.21          5014.5          1028.4          4457.4         76        THR          137.05          8.0799          128.97          19.071          117.98         0.31694         0.50301         0.11071         0.33214          1.2299               0          1.1594         0.48928          1.3834         0.38989          2.1104         0.45733               
         A          5485.7          471.21          5014.5          1028.4          4457.4         77        GLN          96.866          2.4283          94.437          21.457          75.408         0.31333          0.4862         0.24741         0.45244          1.1109               0         0.20168          0.1693           0.248         0.16109         0.57877               0               
         A          5485.7          471.21          5014.5          1028.4          4457.4         78        GLU          14.817          0.3138          14.503          1.3486          13.469          0.6151         0.69559         0.64806         0.74529          1.8528               0               0               0               0               0               0               0               
         A          5485.7          471.21          5014.5          1028.4          4457.4         79        ASP           5.895               0           5.895          4.5232          1.3718          1.5759          1.0063          1.2605          0.9994          3.1286               0               0               0               0               0               0               0               
         A          5485.7          471.21          5014.5          1028.4          4457.4         80        TYR            8.04               0            8.04          3.7281          4.3119          2.6957          1.8266          2.2138          1.6692           5.801               0               0               0               0               0               0               0               
         A          5485.7          471.21          5014.5          1028.4          4457.4         81        TYR          23.093               0          23.093          1.4683          21.625          2.3547          1.4203          2.1362          1.4376          4.5569               0               0               0               0               0               0               0               
         A          5485.7          471.21          5014.5          1028.4          4457.4         82        THR          0.1177               0          0.1177               0          0.1177          2.5706          1.0279          2.7748          1.0615          3.8392               0               0               0               0               0               0               0               
         A          5485.7          471.21          5014.5          1028.4          4457.4         83        GLY          26.499          8.3224          18.177          8.0579          18.441         0.54807         0.66748         0.57828         0.81781          1.7348               0               0               0               0               0               0               0               
         A          5485.7          471.21          5014.5          1028.4          4457.4         84        ASP          63.322          3.1925           60.13          8.0876          55.235         0.84787         0.78408         0.81669         0.88166          2.1988               0         0.12322          0.1152         0.15166         0.12436         0.40809               0               
         A          5485.7          471.21          5014.5          1028.4          4457.4         85        HIS          103.96           2.433          101.53           19.73          84.231         0.56486         0.82046          0.4015         0.76807          2.2694               0         0.10257         0.12363         0.13361         0.12606         0.39864               0               
         A          5485.7          471.21          5014.5          1028.4          4457.4         86        TYR          33.914               0          33.914          0.7884          33.125          1.2647          1.1252         0.99637          1.0864          3.0195               0               0               0               0               0               0               0               
         A          5485.7          471.21          5014.5          1028.4          4457.4         87        ALA          69.333           6.615          62.718           6.615          62.718         0.67761         0.89864          0.3952         0.88369          2.3712               0         0.17647           0.179          0.2747         0.17009         0.54369               0               
         A          5485.7          471.21          5014.5          1028.4          4457.4         88        THR          78.236               0          78.236          7.8791          70.357         0.81013          1.0128         0.36634         0.80117          2.5565               0         0.10897          0.1556         0.15256         0.16507         0.44721               0               
         A          5485.7          471.21          5014.5          1028.4          4457.4         89        PHE               0               0               0               0               0          3.7386         0.85884          3.9631         0.75844          5.1928          2.2177               0               0               0               0               0               0               
         A          5485.7          471.21          5014.5          1028.4          4457.4         90        SER          23.313               0          23.313          6.3001          17.013          1.0806          1.1102         0.53473         0.93859          2.8949               0               0               0               0               0               0               0               
         A          5485.7          471.21          5014.5          1028.4          4457.4         91        LEU          57.184               0          57.184               0          57.184           1.208          1.0282         0.88139         0.88593          3.1035               0               0               0               0               0               0               0               
         A          5485.7          471.21          5014.5          1028.4          4457.4         92        ILE          2.3721           0.016          2.3561           0.016          2.3561          2.8159           1.388          3.2762          1.1323          4.8173               0               0               0               0               0               0               0               
         A          5485.7          471.21          5014.5          1028.4          4457.4         93        ASP          33.378          0.6206          32.758          23.725          9.6537         0.91468         0.86789         0.83572         0.92702          2.5496               0        0.047934        0.092497        0.071902         0.10541         0.30248               0               
         A          5485.7          471.21          5014.5          1028.4          4457.4         94        GLN          55.714          13.853          41.861          24.152          31.562          1.1111         0.93586          1.0254          0.9337          2.8616               0        0.026429        0.074699               0               0         0.27851               0               
         A          5485.7          471.21          5014.5          1028.4          4457.4         95        THR          140.59          22.687           117.9          32.859          107.73         0.44561          0.7469          0.3008         0.62694          2.1332               0         0.77482          0.3208         0.80765         0.33191          1.3155         0.15137               
         A          5485.7          471.21          5014.5          1028.4          4457.4         96        CYS          37.516          0.3996          37.116               0          37.516         0.75042         0.71536         0.61935          0.8083          1.9899               0          0.3885         0.15217         0.46831         0.11272         0.57877         0.15137               
